image: 1920work.pgm
resolution: 0.025000
origin: [-11.101259, -13.828658, 0.000000]
negate: 0
occupied_thresh: 0.65
free_thresh: 0.196

